
users's message:
      user_id gender  age  occupation    zip
0           1      F    1          10  48067
1           2      M   56          16  70072
2           3      M   25          15  55117
3           4      M   45           7  02460
4           5      M   25          20  55455
5           6      F   50           9  55117
6           7      M   35           1  06810
7           8      M   25          12  11413
8           9      M   25          17  61614
9          10      F   35           1  95370
10         11      F   25           1  04093
11         12      M   25          12  32793
12         13      M   45           1  93304
13         14      M   35           0  60126
14         15      M   25           7  22903
15         16      F   35           0  20670
16         17      M   50           1  95350
17         18      F   18           3  95825
18         19      M    1          10  48073
19         20      M   25          14  55113
20         21      M   18          16  99353
21         22      M   18          15  53706
22         23      M   35           0  90049
23         24      F   25           7  10023
24         25      M   18           4  01609
25         26      M   25           7  23112
26         27      M   25          11  19130
27         28      F   25           1  14607
28         29      M   35           7  33407
29         30      F   35           7  19143
...       ...    ...  ...         ...    ...
6010     6011      M   35          15  80538
6011     6012      M   35          15  02871
6012     6013      F   25          20  32301
6013     6014      M   45           1  80634
6014     6015      F   25           9  80013
6015     6016      M   45           1  37209
6016     6017      F   35           7  21117
6017     6018      M   35           1  48906
6018     6019      M   25           0  10024
6019     6020      M   50          16  10023
6020     6021      M   25          12  08876
6021     6022      M   25          17  57006
6022     6023      M   25           0  43213
6023     6024      M   25          12  53705
6024     6025      F   25           1  32607
6025     6026      M   35           6  11210
6026     6027      M   18           4  20742
6027     6028      M   18           4  94133
6028     6029      F   25           1  23185
6029     6030      M   25          17  32618
6030     6031      F   18           0  45123
6031     6032      M   45           7  55108
6032     6033      M   50          13  78232
6033     6034      M   25          14  94117
6034     6035      F   25           1  78734
6035     6036      F   25          15  32603
6036     6037      F   45           1  76006
6037     6038      F   56           1  14706
6038     6039      F   45           0  01060
6039     6040      M   25           6  11106

[6040 rows x 5 columns]
rating's message:
         user_id  movie_id  rating  timestamp
0              1      1193       5  978300760
1              1       661       3  978302109
2              1       914       3  978301968
3              1      3408       4  978300275
4              1      2355       5  978824291
5              1      1197       3  978302268
6              1      1287       5  978302039
7              1      2804       5  978300719
8              1       594       4  978302268
9              1       919       4  978301368
10             1       595       5  978824268
11             1       938       4  978301752
12             1      2398       4  978302281
13             1      2918       4  978302124
14             1      1035       5  978301753
15             1      2791       4  978302188
16             1      2687       3  978824268
17             1      2018       4  978301777
18             1      3105       5  978301713
19             1      2797       4  978302039
20             1      2321       3  978302205
21             1       720       3  978300760
22             1      1270       5  978300055
23             1       527       5  978824195
24             1      2340       3  978300103
25             1        48       5  978824351
26             1      1097       4  978301953
27             1      1721       4  978300055
28             1      1545       4  978824139
29             1       745       3  978824268
...          ...       ...     ...        ...
1000179     6040      2762       4  956704584
1000180     6040      1036       3  956715455
1000181     6040       508       4  956704972
1000182     6040      1041       4  957717678
1000183     6040      3735       4  960971654
1000184     6040      2791       4  956715569
1000185     6040      2794       1  956716438
1000186     6040       527       5  956704219
1000187     6040      2003       1  956716294
1000188     6040       535       4  964828734
1000189     6040      2010       5  957716795
1000190     6040      2011       4  956716113
1000191     6040      3751       4  964828782
1000192     6040      2019       5  956703977
1000193     6040       541       4  956715288
1000194     6040      1077       5  964828799
1000195     6040      1079       2  956715648
1000196     6040       549       4  956704746
1000197     6040      2020       3  956715288
1000198     6040      2021       3  956716374
1000199     6040      2022       5  956716207
1000200     6040      2028       5  956704519
1000201     6040      1080       4  957717322
1000202     6040      1089       4  956704996
1000203     6040      1090       3  956715518
1000204     6040      1091       1  956716541
1000205     6040      1094       5  956704887
1000206     6040       562       5  956704746
1000207     6040      1096       4  956715648
1000208     6040      1097       4  956715569

[1000209 rows x 4 columns]
movies's message:
      movie_id  ...                          genres
0            1  ...                            None
1            2  ...    Adventure|Children's|Fantasy
2            3  ...                  Comedy|Romance
3            4  ...                    Comedy|Drama
4            5  ...                          Comedy
5            6  ...           Action|Crime|Thriller
6            7  ...                  Comedy|Romance
7            8  ...            Adventure|Children's
8            9  ...                          Action
9           10  ...       Action|Adventure|Thriller
10          11  ...            Comedy|Drama|Romance
11          12  ...                   Comedy|Horror
12          13  ...            Animation|Children's
13          14  ...                           Drama
14          15  ...        Action|Adventure|Romance
15          16  ...                  Drama|Thriller
16          17  ...                   Drama|Romance
17          18  ...                        Thriller
18          19  ...                             sch
19          20  ...                          Action
20          21  ...             Action|Comedy|Drama
21          22  ...            Crime|Drama|Thriller
22          23  ...                        Thriller
23          24  ...                    Drama|Sci-Fi
24          25  ...                   Drama|Romance
25          26  ...                           Drama
26          27  ...                           Drama
27          28  ...                         Romance
28          29  ...                Adventure|Sci-Fi
29          30  ...                           Drama
...        ...  ...                             ...
3853      3923  ...                   Horror|Sci-Fi
3854      3924  ...                          Comedy
3855      3925  ...                          Comedy
3856      3926  ...                Adventure|Sci-Fi
3857      3927  ...                Adventure|Sci-Fi
3858      3928  ...                   Comedy|Horror
3859      3929  ...                          Comedy
3860      3930  ...                          Horror
3861      3931  ...                   Horror|Sci-Fi
3862      3932  ...                   Horror|Sci-Fi
3863      3933  ...                   Horror|Sci-Fi
3864      3934  ...                          Sci-Fi
3865      3935  ...                          Horror
3866      3936  ...                  Drama|Thriller
3867      3937  ...                 Sci-Fi|Thriller
3868      3938  ...                          Horror
3869      3939  ...                          Horror
3870      3940  ...                          Horror
3871      3941  ...                          Horror
3872      3942  ...                          Horror
3873      3943  ...                          Comedy
3874      3944  ...                    Comedy|Drama
3875      3945  ...  Adventure|Animation|Children's
3876      3946  ...           Action|Drama|Thriller
3877      3947  ...                        Thriller
3878      3948  ...                          Comedy
3879      3949  ...                           Drama
3880      3950  ...                           Drama
3881      3951  ...                           Drama
3882      3952  ...                  Drama|Thriller

[3883 rows x 3 columns]
rating's message:
         user_id  movie_id  rating  timestamp
0              1      1193       5  978300760
1              1       661       3  978302109
2              1       914       3  978301968
3              1      3408       4  978300275
4              1      2355       5  978824291
5              1      1197       3  978302268
6              1      1287       5  978302039
7              1      2804       5  978300719
8              1       594       4  978302268
9              1       919       4  978301368
10             1       595       5  978824268
11             1       938       4  978301752
12             1      2398       4  978302281
13             1      2918       4  978302124
14             1      1035       5  978301753
15             1      2791       4  978302188
16             1      2687       3  978824268
17             1      2018       4  978301777
18             1      3105       5  978301713
19             1      2797       4  978302039
20             1      2321       3  978302205
21             1       720       3  978300760
22             1      1270       5  978300055
23             1       527       5  978824195
24             1      2340       3  978300103
25             1        48       5  978824351
26             1      1097       4  978301953
27             1      1721       4  978300055
28             1      1545       4  978824139
29             1       745       3  978824268
...          ...       ...     ...        ...
1000179     6040      2762       4  956704584
1000180     6040      1036       3  956715455
1000181     6040       508       4  956704972
1000182     6040      1041       4  957717678
1000183     6040      3735       4  960971654
1000184     6040      2791       4  956715569
1000185     6040      2794       1  956716438
1000186     6040       527       5  956704219
1000187     6040      2003       1  956716294
1000188     6040       535       4  964828734
1000189     6040      2010       5  957716795
1000190     6040      2011       4  956716113
1000191     6040      3751       4  964828782
1000192     6040      2019       5  956703977
1000193     6040       541       4  956715288
1000194     6040      1077       5  964828799
1000195     6040      1079       2  956715648
1000196     6040       549       4  956704746
1000197     6040      2020       3  956715288
1000198     6040      2021       3  956716374
1000199     6040      2022       5  956716207
1000200     6040      2028       5  956704519
1000201     6040      1080       4  957717322
1000202     6040      1089       4  956704996
1000203     6040      1090       3  956715518
1000204     6040      1091       1  956716541
1000205     6040      1094       5  956704887
1000206     6040       562       5  956704746
1000207     6040      1096       4  956715648
1000208     6040      1097       4  956715569

[1000209 rows x 4 columns]
users's message:
      user_id gender  age  occupation    zip
0           1      F    1          10  48067
1           2      M   56          16  70072
2           3      M   25          15  55117
3           4      M   45           7  02460
4           5      M   25          20  55455
5           6      F   50           9  55117
6           7      M   35           1  06810
7           8      M   25          12  11413
8           9      M   25          17  61614
9          10      F   35           1  95370
10         11      F   25           1  04093
11         12      M   25          12  32793
12         13      M   45           1  93304
13         14      M   35           0  60126
14         15      M   25           7  22903
15         16      F   35           0  20670
16         17      M   50           1  95350
17         18      F   18           3  95825
18         19      M    1          10  48073
19         20      M   25          14  55113
20         21      M   18          16  99353
21         22      M   18          15  53706
22         23      M   35           0  90049
23         24      F   25           7  10023
24         25      M   18           4  01609
25         26      M   25           7  23112
26         27      M   25          11  19130
27         28      F   25           1  14607
28         29      M   35           7  33407
29         30      F   35           7  19143
...       ...    ...  ...         ...    ...
6010     6011      M   35          15  80538
6011     6012      M   35          15  02871
6012     6013      F   25          20  32301
6013     6014      M   45           1  80634
6014     6015      F   25           9  80013
6015     6016      M   45           1  37209
6016     6017      F   35           7  21117
6017     6018      M   35           1  48906
6018     6019      M   25           0  10024
6019     6020      M   50          16  10023
6020     6021      M   25          12  08876
6021     6022      M   25          17  57006
6022     6023      M   25           0  43213
6023     6024      M   25          12  53705
6024     6025      F   25           1  32607
6025     6026      M   35           6  11210
6026     6027      M   18           4  20742
6027     6028      M   18           4  94133
6028     6029      F   25           1  23185
6029     6030      M   25          17  32618
6030     6031      F   18           0  45123
6031     6032      M   45           7  55108
6032     6033      M   50          13  78232
6033     6034      M   25          14  94117
6034     6035      F   25           1  78734
6035     6036      F   25          15  32603
6036     6037      F   45           1  76006
6037     6038      F   56           1  14706
6038     6039      F   45           0  01060
6039     6040      M   25           6  11106

[6040 rows x 5 columns]
movies's message:
      movie_id  ...                          genres
0            1  ...                            None
1            2  ...    Adventure|Children's|Fantasy
2            3  ...                  Comedy|Romance
3            4  ...                    Comedy|Drama
4            5  ...                          Comedy
5            6  ...           Action|Crime|Thriller
6            7  ...                  Comedy|Romance
7            8  ...            Adventure|Children's
8            9  ...                          Action
9           10  ...       Action|Adventure|Thriller
10          11  ...            Comedy|Drama|Romance
11          12  ...                   Comedy|Horror
12          13  ...            Animation|Children's
13          14  ...                           Drama
14          15  ...        Action|Adventure|Romance
15          16  ...                  Drama|Thriller
16          17  ...                   Drama|Romance
17          18  ...                        Thriller
18          19  ...                             sch
19          20  ...                          Action
20          21  ...             Action|Comedy|Drama
21          22  ...            Crime|Drama|Thriller
22          23  ...                        Thriller
23          24  ...                    Drama|Sci-Fi
24          25  ...                   Drama|Romance
25          26  ...                           Drama
26          27  ...                           Drama
27          28  ...                         Romance
28          29  ...                Adventure|Sci-Fi
29          30  ...                           Drama
...        ...  ...                             ...
3853      3923  ...                   Horror|Sci-Fi
3854      3924  ...                          Comedy
3855      3925  ...                          Comedy
3856      3926  ...                Adventure|Sci-Fi
3857      3927  ...                Adventure|Sci-Fi
3858      3928  ...                   Comedy|Horror
3859      3929  ...                          Comedy
3860      3930  ...                          Horror
3861      3931  ...                   Horror|Sci-Fi
3862      3932  ...                   Horror|Sci-Fi
3863      3933  ...                   Horror|Sci-Fi
3864      3934  ...                          Sci-Fi
3865      3935  ...                          Horror
3866      3936  ...                  Drama|Thriller
3867      3937  ...                 Sci-Fi|Thriller
3868      3938  ...                          Horror
3869      3939  ...                          Horror
3870      3940  ...                          Horror
3871      3941  ...                          Horror
3872      3942  ...                          Horror
3873      3943  ...                          Comedy
3874      3944  ...                    Comedy|Drama
3875      3945  ...  Adventure|Animation|Children's
3876      3946  ...           Action|Drama|Thriller
3877      3947  ...                        Thriller
3878      3948  ...                          Comedy
3879      3949  ...                           Drama
3880      3950  ...                           Drama
3881      3951  ...                           Drama
3882      3952  ...                  Drama|Thriller

[3883 rows x 3 columns]
对女性评分电影降序排列(输出前10个）:
gender                                                     F         M
title                                                                 
Close Shave, A (1995)                               4.644444  4.473795
Wrong Trousers, The (1993)                          4.588235  4.478261
Sunset Blvd. (a.k.a. Sunset Boulevard) (1950)       4.572650  4.464589
Wallace & Gromit: The Best of Aardman Animation...  4.563107  4.385075
Schindler's List (1993)                             4.562602  4.491415
Shawshank Redemption, The (1994)                    4.539075  4.560625
Grand Day Out, A (1992)                             4.537879  4.293255
To Kill a Mockingbird (1962)                        4.536667  4.372611
Creature Comforts (1990)                            4.513889  4.272277
Usual Suspects, The (1995)                          4.513317  4.518248
男性和女性对同一电影评分差值（输出前10个）：
gender                                        F         M      diff
title                                                              
Dirty Dancing (1987)                   3.790378  2.959596 -0.830782
Jumpin' Jack Flash (1986)              3.254717  2.578358 -0.676359
Grease (1978)                          3.975265  3.367041 -0.608224
Little Women (1994)                    3.870588  3.321739 -0.548849
Steel Magnolias (1989)                 3.901734  3.365957 -0.535777
Anastasia (1997)                       3.800000  3.281609 -0.518391
Rocky Horror Picture Show, The (1975)  3.673016  3.160131 -0.512885
Color Purple, The (1985)               4.158192  3.659341 -0.498851
Age of Innocence, The (1993)           3.827068  3.339506 -0.487561
Free Willy (1993)                      2.921348  2.438776 -0.482573
男性喜爱电影排名（输出前15个）
gender                                         F         M      diff
title                                                               
Good, The Bad and The Ugly, The (1966)  3.494949  4.221300  0.726351
Kentucky Fried Movie, The (1977)        2.878788  3.555147  0.676359
Dumb & Dumber (1994)                    2.697987  3.336595  0.638608
Longest Day, The (1962)                 3.411765  4.031447  0.619682
Cable Guy, The (1996)                   2.250000  2.863787  0.613787
Evil Dead II (Dead By Dawn) (1987)      3.297297  3.909283  0.611985
Hidden, The (1987)                      3.137931  3.745098  0.607167
Rocky III (1982)                        2.361702  2.943503  0.581801
Caddyshack (1980)                       3.396135  3.969737  0.573602
For a Few Dollars More (1965)           3.409091  3.953795  0.544704
Porky's (1981)                          2.296875  2.836364  0.539489
Animal House (1978)                     3.628906  4.167192  0.538286
Exorcist, The (1973)                    3.537634  4.067239  0.529605
Fright Night (1985)                     2.973684  3.500000  0.526316
Barb Wire (1996)                        1.585366  2.100386  0.515020
baby_name的数据:
              name sex  births  year
0             Mary   F    7065  1880
1             Anna   F    2604  1880
2             Emma   F    2003  1880
3        Elizabeth   F    1939  1880
4           Minnie   F    1746  1880
5         Margaret   F    1578  1880
6              Ida   F    1472  1880
7            Alice   F    1414  1880
8           Bertha   F    1320  1880
9            Sarah   F    1288  1880
10           Annie   F    1258  1880
11           Clara   F    1226  1880
12            Ella   F    1156  1880
13        Florence   F    1063  1880
14            Cora   F    1045  1880
15          Martha   F    1040  1880
16           Laura   F    1012  1880
17          Nellie   F     995  1880
18           Grace   F     982  1880
19          Carrie   F     949  1880
20           Maude   F     858  1880
21           Mabel   F     808  1880
22          Bessie   F     794  1880
23          Jennie   F     793  1880
24        Gertrude   F     787  1880
25           Julia   F     783  1880
26          Hattie   F     769  1880
27           Edith   F     768  1880
28          Mattie   F     704  1880
29            Rose   F     700  1880
...            ...  ..     ...   ...
1690754    Zaviyon   M       5  2010
1690755   Zaybrien   M       5  2010
1690756   Zayshawn   M       5  2010
1690757     Zayyan   M       5  2010
1690758       Zeal   M       5  2010
1690759     Zealan   M       5  2010
1690760   Zecharia   M       5  2010
1690761   Zeferino   M       5  2010
1690762   Zekariah   M       5  2010
1690763       Zeki   M       5  2010
1690764     Zeriah   M       5  2010
1690765     Zeshan   M       5  2010
1690766     Zhyier   M       5  2010
1690767   Zildjian   M       5  2010
1690768       Zinn   M       5  2010
1690769     Zishan   M       5  2010
1690770      Ziven   M       5  2010
1690771      Zmari   M       5  2010
1690772      Zoren   M       5  2010
1690773     Zuhaib   M       5  2010
1690774     Zyeire   M       5  2010
1690775    Zygmunt   M       5  2010
1690776   Zykerion   M       5  2010
1690777      Zylar   M       5  2010
1690778      Zylin   M       5  2010
1690779    Zymaire   M       5  2010
1690780     Zyonne   M       5  2010
1690781  Zyquarius   M       5  2010
1690782      Zyran   M       5  2010
1690783      Zzyzx   M       5  2010

[1690784 rows x 4 columns]
top_1000的数据:
                      name sex  births  year      prop
births                                                
5      835          Adelle   F       5  1880  0.000055
       1158581  Franchelle   F       5  1993  0.000003
       1158583  Franshesca   F       5  1993  0.000003
       1158584      Freddy   F       5  1993  0.000003
       1158585   Frederick   F       5  1993  0.000003
       1158586       Fruma   F       5  1993  0.000003
       1158587      Frumie   F       5  1993  0.000003
       1158588   Gabreilla   F       5  1993  0.000003
       1158589    Gabrella   F       5  1993  0.000003
       1158590   Gabrianna   F       5  1993  0.000003
       1158591     Gabryel   F       5  1993  0.000003
       1158592      Gailyn   F       5  1993  0.000003
       1158593         Gal   F       5  1993  0.000003
       1158594     Galilea   F       5  1993  0.000003
       1158595     Garland   F       5  1993  0.000003
       1158596    Garrison   F       5  1993  0.000003
       1158597       Gates   F       5  1993  0.000003
       1158598   Gavriella   F       5  1993  0.000003
       1158599      Gaylin   F       5  1993  0.000003
       1158600      Gaylyn   F       5  1993  0.000003
       1158601     Gelissa   F       5  1993  0.000003
       1158602      Gelsey   F       5  1993  0.000003
       1158603       Genae   F       5  1993  0.000003
       1158604     Genavie   F       5  1993  0.000003
       1158605      Genaya   F       5  1993  0.000003
       1158606     Genesee   F       5  1993  0.000003
       1158607     Genessi   F       5  1993  0.000003
       1158582      Franky   F       5  1993  0.000003
       1158580    Francess   F       5  1993  0.000003
       1158609       Genia   F       5  1993  0.000003
...                    ...  ..     ...   ...       ...
85216  691447      Michael   M   85216  1969  0.047625
85277  567796      Michael   M   85277  1959  0.039977
85298  705826      Michael   M   85298  1970  0.045889
85426  447427       Robert   M   85426  1948  0.048718
85897  499764        James   M   85897  1953  0.043630
85917  579699        David   M   85917  1960  0.040288
86081  499763       Robert   M   86081  1953  0.043723
86094  467978        James   M   86094  1950  0.048099
86144  521783        David   M   86144  1955  0.041871
86189  478387       Robert   M   86189  1951  0.045905
86232  510712       Robert   M   86232  1954  0.042334
86274  510711        James   M   86274  1954  0.042355
86566  489014       Robert   M   86566  1952  0.044541
86762  457680        James   M   86762  1949  0.049015
86898  591809      Michael   M   86898  1961  0.040958
87046  478386        James   M   87046  1951  0.046361
87060  489013        James   M   87060  1952  0.044795
87382  427009        James   M   87382  1946  0.053855
88251  437127         John   M   88251  1947  0.048293
88285  521782      Michael   M   88285  1955  0.042911
88462  510710      Michael   M   88462  1954  0.043429
88542  447426        James   M   88542  1948  0.050495
90468  556106      Michael   M   90468  1958  0.042673
90587  533062      Michael   M   90587  1956  0.042870
90952  451624        Linda   F   90952  1949  0.053201
91557  437126       Robert   M   91557  1947  0.050102
92700  544528      Michael   M   92700  1957  0.043008
94601  437125        James   M   94601  1947  0.051768
96185  441381        Linda   F   96185  1948  0.056657
99651  431022        Linda   F   99651  1947  0.056229

[299467 rows x 5 columns]
Number of popular names in top 50%的数据:
sex     F    M
year          
1880   38   14
1881   38   14
1882   38   15
1883   39   15
1884   39   16
1885   40   16
1886   41   16
1887   41   17
1888   42   17
1889   43   18
1890   44   19
1891   44   20
1892   44   20
1893   44   21
1894   45   22
1895   46   22
1896   46   23
1897   46   23
1898   47   24
1899   47   25
1900   49   25
1901   49   25
1902   49   26
1903   49   27
1904   50   28
1905   50   28
1906   49   28
1907   50   30
1908   49   30
1909   49   30
...   ...  ...
1981   78   35
1982   75   35
1983   71   34
1984   71   35
1985   72   36
1986   74   37
1987   75   39
1988   78   40
1989   83   43
1990   90   45
1991   95   48
1992  102   51
1993  107   54
1994  111   57
1995  115   60
1996  122   64
1997  129   67
1998  138   70
1999  146   73
2000  155   77
2001  164   81
2002  170   83
2003  178   87
2004  191   92
2005  199   96
2006  209   99
2007  223  103
2008  234  109
2009  241  114
2010  246  117

[131 rows x 2 columns]
baby_name的数据:
              name sex  births  year
0             Mary   F    7065  1880
1             Anna   F    2604  1880
2             Emma   F    2003  1880
3        Elizabeth   F    1939  1880
4           Minnie   F    1746  1880
5         Margaret   F    1578  1880
6              Ida   F    1472  1880
7            Alice   F    1414  1880
8           Bertha   F    1320  1880
9            Sarah   F    1288  1880
10           Annie   F    1258  1880
11           Clara   F    1226  1880
12            Ella   F    1156  1880
13        Florence   F    1063  1880
14            Cora   F    1045  1880
15          Martha   F    1040  1880
16           Laura   F    1012  1880
17          Nellie   F     995  1880
18           Grace   F     982  1880
19          Carrie   F     949  1880
20           Maude   F     858  1880
21           Mabel   F     808  1880
22          Bessie   F     794  1880
23          Jennie   F     793  1880
24        Gertrude   F     787  1880
25           Julia   F     783  1880
26          Hattie   F     769  1880
27           Edith   F     768  1880
28          Mattie   F     704  1880
29            Rose   F     700  1880
...            ...  ..     ...   ...
1690754    Zaviyon   M       5  2010
1690755   Zaybrien   M       5  2010
1690756   Zayshawn   M       5  2010
1690757     Zayyan   M       5  2010
1690758       Zeal   M       5  2010
1690759     Zealan   M       5  2010
1690760   Zecharia   M       5  2010
1690761   Zeferino   M       5  2010
1690762   Zekariah   M       5  2010
1690763       Zeki   M       5  2010
1690764     Zeriah   M       5  2010
1690765     Zeshan   M       5  2010
1690766     Zhyier   M       5  2010
1690767   Zildjian   M       5  2010
1690768       Zinn   M       5  2010
1690769     Zishan   M       5  2010
1690770      Ziven   M       5  2010
1690771      Zmari   M       5  2010
1690772      Zoren   M       5  2010
1690773     Zuhaib   M       5  2010
1690774     Zyeire   M       5  2010
1690775    Zygmunt   M       5  2010
1690776   Zykerion   M       5  2010
1690777      Zylar   M       5  2010
1690778      Zylin   M       5  2010
1690779    Zymaire   M       5  2010
1690780     Zyonne   M       5  2010
1690781  Zyquarius   M       5  2010
1690782      Zyran   M       5  2010
1690783      Zzyzx   M       5  2010

[1690784 rows x 4 columns]
top_1000的数据:
                      name sex  births  year      prop
births                                                
5      835          Adelle   F       5  1880  0.000055
       1158581  Franchelle   F       5  1993  0.000003
       1158583  Franshesca   F       5  1993  0.000003
       1158584      Freddy   F       5  1993  0.000003
       1158585   Frederick   F       5  1993  0.000003
       1158586       Fruma   F       5  1993  0.000003
       1158587      Frumie   F       5  1993  0.000003
       1158588   Gabreilla   F       5  1993  0.000003
       1158589    Gabrella   F       5  1993  0.000003
       1158590   Gabrianna   F       5  1993  0.000003
       1158591     Gabryel   F       5  1993  0.000003
       1158592      Gailyn   F       5  1993  0.000003
       1158593         Gal   F       5  1993  0.000003
       1158594     Galilea   F       5  1993  0.000003
       1158595     Garland   F       5  1993  0.000003
       1158596    Garrison   F       5  1993  0.000003
       1158597       Gates   F       5  1993  0.000003
       1158598   Gavriella   F       5  1993  0.000003
       1158599      Gaylin   F       5  1993  0.000003
       1158600      Gaylyn   F       5  1993  0.000003
       1158601     Gelissa   F       5  1993  0.000003
       1158602      Gelsey   F       5  1993  0.000003
       1158603       Genae   F       5  1993  0.000003
       1158604     Genavie   F       5  1993  0.000003
       1158605      Genaya   F       5  1993  0.000003
       1158606     Genesee   F       5  1993  0.000003
       1158607     Genessi   F       5  1993  0.000003
       1158582      Franky   F       5  1993  0.000003
       1158580    Francess   F       5  1993  0.000003
       1158609       Genia   F       5  1993  0.000003
...                    ...  ..     ...   ...       ...
85216  691447      Michael   M   85216  1969  0.047625
85277  567796      Michael   M   85277  1959  0.039977
85298  705826      Michael   M   85298  1970  0.045889
85426  447427       Robert   M   85426  1948  0.048718
85897  499764        James   M   85897  1953  0.043630
85917  579699        David   M   85917  1960  0.040288
86081  499763       Robert   M   86081  1953  0.043723
86094  467978        James   M   86094  1950  0.048099
86144  521783        David   M   86144  1955  0.041871
86189  478387       Robert   M   86189  1951  0.045905
86232  510712       Robert   M   86232  1954  0.042334
86274  510711        James   M   86274  1954  0.042355
86566  489014       Robert   M   86566  1952  0.044541
86762  457680        James   M   86762  1949  0.049015
86898  591809      Michael   M   86898  1961  0.040958
87046  478386        James   M   87046  1951  0.046361
87060  489013        James   M   87060  1952  0.044795
87382  427009        James   M   87382  1946  0.053855
88251  437127         John   M   88251  1947  0.048293
88285  521782      Michael   M   88285  1955  0.042911
88462  510710      Michael   M   88462  1954  0.043429
88542  447426        James   M   88542  1948  0.050495
90468  556106      Michael   M   90468  1958  0.042673
90587  533062      Michael   M   90587  1956  0.042870
90952  451624        Linda   F   90952  1949  0.053201
91557  437126       Robert   M   91557  1947  0.050102
92700  544528      Michael   M   92700  1957  0.043008
94601  437125        James   M   94601  1947  0.051768
96185  441381        Linda   F   96185  1948  0.056657
99651  431022        Linda   F   99651  1947  0.056229

[299467 rows x 5 columns]
begin with lesl and the sex is changing的数据:
sex          F         M
year                    
1881       NaN  1.000000
1882       NaN  1.000000
1883       NaN  1.000000
1884       NaN  1.000000
1885       NaN  1.000000
1886       NaN  1.000000
1887       NaN  1.000000
1888       NaN  1.000000
1889       NaN  1.000000
1890       NaN  1.000000
1891       NaN  1.000000
1892       NaN  1.000000
1893       NaN  1.000000
1894       NaN  1.000000
1895       NaN  1.000000
1896       NaN  1.000000
1897       NaN  1.000000
1898       NaN  1.000000
1899       NaN  1.000000
1900       NaN  1.000000
1901       NaN  1.000000
1902       NaN  1.000000
1903       NaN  1.000000
1904       NaN  1.000000
1905       NaN  1.000000
1906       NaN  1.000000
1907       NaN  1.000000
1908       NaN  1.000000
1909       NaN  1.000000
1910       NaN  1.000000
...        ...       ...
1981  0.914751  0.085249
1982  0.928102  0.071898
1983  0.925000  0.075000
1984  0.925026  0.074974
1985  0.928370  0.071630
1986  0.910487  0.089513
1987  0.929612  0.070388
1988  0.921384  0.078616
1989  0.906423  0.093577
1990  0.915437  0.084563
1991  0.911374  0.088626
1992  0.926924  0.073076
1993  0.934528  0.065472
1994  0.933866  0.066134
1995  0.939295  0.060705
1996  0.955045  0.044955
1997  0.961341  0.038659
1998  0.973003  0.026997
1999  0.975649  0.024351
2000  0.974493  0.025507
2001  0.976388  0.023612
2002  0.980937  0.019063
2003  0.980710  0.019290
2004  0.982025  0.017975
2005  0.977812  0.022188
2006  0.981668  0.018332
2007  0.979966  0.020034
2008  0.978610  0.021390
2009  0.974333  0.025667
2010  1.000000       NaN

[130 rows x 2 columns]
users's message:
      user_id gender  age  occupation    zip
0           1      F    1          10  48067
1           2      M   56          16  70072
2           3      M   25          15  55117
3           4      M   45           7  02460
4           5      M   25          20  55455
5           6      F   50           9  55117
6           7      M   35           1  06810
7           8      M   25          12  11413
8           9      M   25          17  61614
9          10      F   35           1  95370
10         11      F   25           1  04093
11         12      M   25          12  32793
12         13      M   45           1  93304
13         14      M   35           0  60126
14         15      M   25           7  22903
15         16      F   35           0  20670
16         17      M   50           1  95350
17         18      F   18           3  95825
18         19      M    1          10  48073
19         20      M   25          14  55113
20         21      M   18          16  99353
21         22      M   18          15  53706
22         23      M   35           0  90049
23         24      F   25           7  10023
24         25      M   18           4  01609
25         26      M   25           7  23112
26         27      M   25          11  19130
27         28      F   25           1  14607
28         29      M   35           7  33407
29         30      F   35           7  19143
...       ...    ...  ...         ...    ...
6010     6011      M   35          15  80538
6011     6012      M   35          15  02871
6012     6013      F   25          20  32301
6013     6014      M   45           1  80634
6014     6015      F   25           9  80013
6015     6016      M   45           1  37209
6016     6017      F   35           7  21117
6017     6018      M   35           1  48906
6018     6019      M   25           0  10024
6019     6020      M   50          16  10023
6020     6021      M   25          12  08876
6021     6022      M   25          17  57006
6022     6023      M   25           0  43213
6023     6024      M   25          12  53705
6024     6025      F   25           1  32607
6025     6026      M   35           6  11210
6026     6027      M   18           4  20742
6027     6028      M   18           4  94133
6028     6029      F   25           1  23185
6029     6030      M   25          17  32618
6030     6031      F   18           0  45123
6031     6032      M   45           7  55108
6032     6033      M   50          13  78232
6033     6034      M   25          14  94117
6034     6035      F   25           1  78734
6035     6036      F   25          15  32603
6036     6037      F   45           1  76006
6037     6038      F   56           1  14706
6038     6039      F   45           0  01060
6039     6040      M   25           6  11106

[6040 rows x 5 columns]
rating's message:
         user_id  movie_id  rating  timestamp
0              1      1193       5  978300760
1              1       661       3  978302109
2              1       914       3  978301968
3              1      3408       4  978300275
4              1      2355       5  978824291
5              1      1197       3  978302268
6              1      1287       5  978302039
7              1      2804       5  978300719
8              1       594       4  978302268
9              1       919       4  978301368
10             1       595       5  978824268
11             1       938       4  978301752
12             1      2398       4  978302281
13             1      2918       4  978302124
14             1      1035       5  978301753
15             1      2791       4  978302188
16             1      2687       3  978824268
17             1      2018       4  978301777
18             1      3105       5  978301713
19             1      2797       4  978302039
20             1      2321       3  978302205
21             1       720       3  978300760
22             1      1270       5  978300055
23             1       527       5  978824195
24             1      2340       3  978300103
25             1        48       5  978824351
26             1      1097       4  978301953
27             1      1721       4  978300055
28             1      1545       4  978824139
29             1       745       3  978824268
...          ...       ...     ...        ...
1000179     6040      2762       4  956704584
1000180     6040      1036       3  956715455
1000181     6040       508       4  956704972
1000182     6040      1041       4  957717678
1000183     6040      3735       4  960971654
1000184     6040      2791       4  956715569
1000185     6040      2794       1  956716438
1000186     6040       527       5  956704219
1000187     6040      2003       1  956716294
1000188     6040       535       4  964828734
1000189     6040      2010       5  957716795
1000190     6040      2011       4  956716113
1000191     6040      3751       4  964828782
1000192     6040      2019       5  956703977
1000193     6040       541       4  956715288
1000194     6040      1077       5  964828799
1000195     6040      1079       2  956715648
1000196     6040       549       4  956704746
1000197     6040      2020       3  956715288
1000198     6040      2021       3  956716374
1000199     6040      2022       5  956716207
1000200     6040      2028       5  956704519
1000201     6040      1080       4  957717322
1000202     6040      1089       4  956704996
1000203     6040      1090       3  956715518
1000204     6040      1091       1  956716541
1000205     6040      1094       5  956704887
1000206     6040       562       5  956704746
1000207     6040      1096       4  956715648
1000208     6040      1097       4  956715569

[1000209 rows x 4 columns]
movies's message:
      movie_id  ...                          genres
0            1  ...                            None
1            2  ...    Adventure|Children's|Fantasy
2            3  ...                  Comedy|Romance
3            4  ...                    Comedy|Drama
4            5  ...                          Comedy
5            6  ...           Action|Crime|Thriller
6            7  ...                  Comedy|Romance
7            8  ...            Adventure|Children's
8            9  ...                          Action
9           10  ...       Action|Adventure|Thriller
10          11  ...            Comedy|Drama|Romance
11          12  ...                   Comedy|Horror
12          13  ...            Animation|Children's
13          14  ...                           Drama
14          15  ...        Action|Adventure|Romance
15          16  ...                  Drama|Thriller
16          17  ...                   Drama|Romance
17          18  ...                        Thriller
18          19  ...                             sch
19          20  ...                          Action
20          21  ...             Action|Comedy|Drama
21          22  ...            Crime|Drama|Thriller
22          23  ...                        Thriller
23          24  ...                    Drama|Sci-Fi
24          25  ...                   Drama|Romance
25          26  ...                           Drama
26          27  ...                           Drama
27          28  ...                         Romance
28          29  ...                Adventure|Sci-Fi
29          30  ...                           Drama
...        ...  ...                             ...
3853      3923  ...                   Horror|Sci-Fi
3854      3924  ...                          Comedy
3855      3925  ...                          Comedy
3856      3926  ...                Adventure|Sci-Fi
3857      3927  ...                Adventure|Sci-Fi
3858      3928  ...                   Comedy|Horror
3859      3929  ...                          Comedy
3860      3930  ...                          Horror
3861      3931  ...                   Horror|Sci-Fi
3862      3932  ...                   Horror|Sci-Fi
3863      3933  ...                   Horror|Sci-Fi
3864      3934  ...                          Sci-Fi
3865      3935  ...                          Horror
3866      3936  ...                  Drama|Thriller
3867      3937  ...                 Sci-Fi|Thriller
3868      3938  ...                          Horror
3869      3939  ...                          Horror
3870      3940  ...                          Horror
3871      3941  ...                          Horror
3872      3942  ...                          Horror
3873      3943  ...                          Comedy
3874      3944  ...                    Comedy|Drama
3875      3945  ...  Adventure|Animation|Children's
3876      3946  ...           Action|Drama|Thriller
3877      3947  ...                        Thriller
3878      3948  ...                          Comedy
3879      3949  ...                           Drama
3880      3950  ...                           Drama
3881      3951  ...                           Drama
3882      3952  ...                  Drama|Thriller

[3883 rows x 3 columns]
rating's message:
         user_id  movie_id  rating  timestamp
0              1      1193       5  978300760
1              1       661       3  978302109
2              1       914       3  978301968
3              1      3408       4  978300275
4              1      2355       5  978824291
5              1      1197       3  978302268
6              1      1287       5  978302039
7              1      2804       5  978300719
8              1       594       4  978302268
9              1       919       4  978301368
10             1       595       5  978824268
11             1       938       4  978301752
12             1      2398       4  978302281
13             1      2918       4  978302124
14             1      1035       5  978301753
15             1      2791       4  978302188
16             1      2687       3  978824268
17             1      2018       4  978301777
18             1      3105       5  978301713
19             1      2797       4  978302039
20             1      2321       3  978302205
21             1       720       3  978300760
22             1      1270       5  978300055
23             1       527       5  978824195
24             1      2340       3  978300103
25             1        48       5  978824351
26             1      1097       4  978301953
27             1      1721       4  978300055
28             1      1545       4  978824139
29             1       745       3  978824268
...          ...       ...     ...        ...
1000179     6040      2762       4  956704584
1000180     6040      1036       3  956715455
1000181     6040       508       4  956704972
1000182     6040      1041       4  957717678
1000183     6040      3735       4  960971654
1000184     6040      2791       4  956715569
1000185     6040      2794       1  956716438
1000186     6040       527       5  956704219
1000187     6040      2003       1  956716294
1000188     6040       535       4  964828734
1000189     6040      2010       5  957716795
1000190     6040      2011       4  956716113
1000191     6040      3751       4  964828782
1000192     6040      2019       5  956703977
1000193     6040       541       4  956715288
1000194     6040      1077       5  964828799
1000195     6040      1079       2  956715648
1000196     6040       549       4  956704746
1000197     6040      2020       3  956715288
1000198     6040      2021       3  956716374
1000199     6040      2022       5  956716207
1000200     6040      2028       5  956704519
1000201     6040      1080       4  957717322
1000202     6040      1089       4  956704996
1000203     6040      1090       3  956715518
1000204     6040      1091       1  956716541
1000205     6040      1094       5  956704887
1000206     6040       562       5  956704746
1000207     6040      1096       4  956715648
1000208     6040      1097       4  956715569

[1000209 rows x 4 columns]
users's message:
      user_id gender  age  occupation    zip
0           1      F    1          10  48067
1           2      M   56          16  70072
2           3      M   25          15  55117
3           4      M   45           7  02460
4           5      M   25          20  55455
5           6      F   50           9  55117
6           7      M   35           1  06810
7           8      M   25          12  11413
8           9      M   25          17  61614
9          10      F   35           1  95370
10         11      F   25           1  04093
11         12      M   25          12  32793
12         13      M   45           1  93304
13         14      M   35           0  60126
14         15      M   25           7  22903
15         16      F   35           0  20670
16         17      M   50           1  95350
17         18      F   18           3  95825
18         19      M    1          10  48073
19         20      M   25          14  55113
20         21      M   18          16  99353
21         22      M   18          15  53706
22         23      M   35           0  90049
23         24      F   25           7  10023
24         25      M   18           4  01609
25         26      M   25           7  23112
26         27      M   25          11  19130
27         28      F   25           1  14607
28         29      M   35           7  33407
29         30      F   35           7  19143
...       ...    ...  ...         ...    ...
6010     6011      M   35          15  80538
6011     6012      M   35          15  02871
6012     6013      F   25          20  32301
6013     6014      M   45           1  80634
6014     6015      F   25           9  80013
6015     6016      M   45           1  37209
6016     6017      F   35           7  21117
6017     6018      M   35           1  48906
6018     6019      M   25           0  10024
6019     6020      M   50          16  10023
6020     6021      M   25          12  08876
6021     6022      M   25          17  57006
6022     6023      M   25           0  43213
6023     6024      M   25          12  53705
6024     6025      F   25           1  32607
6025     6026      M   35           6  11210
6026     6027      M   18           4  20742
6027     6028      M   18           4  94133
6028     6029      F   25           1  23185
6029     6030      M   25          17  32618
6030     6031      F   18           0  45123
6031     6032      M   45           7  55108
6032     6033      M   50          13  78232
6033     6034      M   25          14  94117
6034     6035      F   25           1  78734
6035     6036      F   25          15  32603
6036     6037      F   45           1  76006
6037     6038      F   56           1  14706
6038     6039      F   45           0  01060
6039     6040      M   25           6  11106

[6040 rows x 5 columns]
movies's message:
      movie_id  ...                          genres
0            1  ...                            None
1            2  ...    Adventure|Children's|Fantasy
2            3  ...                  Comedy|Romance
3            4  ...                    Comedy|Drama
4            5  ...                          Comedy
5            6  ...           Action|Crime|Thriller
6            7  ...                  Comedy|Romance
7            8  ...            Adventure|Children's
8            9  ...                          Action
9           10  ...       Action|Adventure|Thriller
10          11  ...            Comedy|Drama|Romance
11          12  ...                   Comedy|Horror
12          13  ...            Animation|Children's
13          14  ...                           Drama
14          15  ...        Action|Adventure|Romance
15          16  ...                  Drama|Thriller
16          17  ...                   Drama|Romance
17          18  ...                        Thriller
18          19  ...                             sch
19          20  ...                          Action
20          21  ...             Action|Comedy|Drama
21          22  ...            Crime|Drama|Thriller
22          23  ...                        Thriller
23          24  ...                    Drama|Sci-Fi
24          25  ...                   Drama|Romance
25          26  ...                           Drama
26          27  ...                           Drama
27          28  ...                         Romance
28          29  ...                Adventure|Sci-Fi
29          30  ...                           Drama
...        ...  ...                             ...
3853      3923  ...                   Horror|Sci-Fi
3854      3924  ...                          Comedy
3855      3925  ...                          Comedy
3856      3926  ...                Adventure|Sci-Fi
3857      3927  ...                Adventure|Sci-Fi
3858      3928  ...                   Comedy|Horror
3859      3929  ...                          Comedy
3860      3930  ...                          Horror
3861      3931  ...                   Horror|Sci-Fi
3862      3932  ...                   Horror|Sci-Fi
3863      3933  ...                   Horror|Sci-Fi
3864      3934  ...                          Sci-Fi
3865      3935  ...                          Horror
3866      3936  ...                  Drama|Thriller
3867      3937  ...                 Sci-Fi|Thriller
3868      3938  ...                          Horror
3869      3939  ...                          Horror
3870      3940  ...                          Horror
3871      3941  ...                          Horror
3872      3942  ...                          Horror
3873      3943  ...                          Comedy
3874      3944  ...                    Comedy|Drama
3875      3945  ...  Adventure|Animation|Children's
3876      3946  ...           Action|Drama|Thriller
3877      3947  ...                        Thriller
3878      3948  ...                          Comedy
3879      3949  ...                           Drama
3880      3950  ...                           Drama
3881      3951  ...                           Drama
3882      3952  ...                  Drama|Thriller

[3883 rows x 3 columns]
对女性评分电影降序排列(输出前10个）:
gender                                                     F         M
title                                                                 
Close Shave, A (1995)                               4.644444  4.473795
Wrong Trousers, The (1993)                          4.588235  4.478261
Sunset Blvd. (a.k.a. Sunset Boulevard) (1950)       4.572650  4.464589
Wallace & Gromit: The Best of Aardman Animation...  4.563107  4.385075
Schindler's List (1993)                             4.562602  4.491415
Shawshank Redemption, The (1994)                    4.539075  4.560625
Grand Day Out, A (1992)                             4.537879  4.293255
To Kill a Mockingbird (1962)                        4.536667  4.372611
Creature Comforts (1990)                            4.513889  4.272277
Usual Suspects, The (1995)                          4.513317  4.518248
男性和女性对同一电影评分差值（输出前10个）：
gender                                        F         M      diff
title                                                              
Dirty Dancing (1987)                   3.790378  2.959596 -0.830782
Jumpin' Jack Flash (1986)              3.254717  2.578358 -0.676359
Grease (1978)                          3.975265  3.367041 -0.608224
Little Women (1994)                    3.870588  3.321739 -0.548849
Steel Magnolias (1989)                 3.901734  3.365957 -0.535777
Anastasia (1997)                       3.800000  3.281609 -0.518391
Rocky Horror Picture Show, The (1975)  3.673016  3.160131 -0.512885
Color Purple, The (1985)               4.158192  3.659341 -0.498851
Age of Innocence, The (1993)           3.827068  3.339506 -0.487561
Free Willy (1993)                      2.921348  2.438776 -0.482573
男性喜爱电影排名（输出前15个）
gender                                         F         M      diff
title                                                               
Good, The Bad and The Ugly, The (1966)  3.494949  4.221300  0.726351
Kentucky Fried Movie, The (1977)        2.878788  3.555147  0.676359
Dumb & Dumber (1994)                    2.697987  3.336595  0.638608
Longest Day, The (1962)                 3.411765  4.031447  0.619682
Cable Guy, The (1996)                   2.250000  2.863787  0.613787
Evil Dead II (Dead By Dawn) (1987)      3.297297  3.909283  0.611985
Hidden, The (1987)                      3.137931  3.745098  0.607167
Rocky III (1982)                        2.361702  2.943503  0.581801
Caddyshack (1980)                       3.396135  3.969737  0.573602
For a Few Dollars More (1965)           3.409091  3.953795  0.544704
Porky's (1981)                          2.296875  2.836364  0.539489
Animal House (1978)                     3.628906  4.167192  0.538286
Exorcist, The (1973)                    3.537634  4.067239  0.529605
Fright Night (1985)                     2.973684  3.500000  0.526316
Barb Wire (1996)                        1.585366  2.100386  0.515020
baby_name的数据:
              name sex  births  year
0             Mary   F    7065  1880
1             Anna   F    2604  1880
2             Emma   F    2003  1880
3        Elizabeth   F    1939  1880
4           Minnie   F    1746  1880
5         Margaret   F    1578  1880
6              Ida   F    1472  1880
7            Alice   F    1414  1880
8           Bertha   F    1320  1880
9            Sarah   F    1288  1880
10           Annie   F    1258  1880
11           Clara   F    1226  1880
12            Ella   F    1156  1880
13        Florence   F    1063  1880
14            Cora   F    1045  1880
15          Martha   F    1040  1880
16           Laura   F    1012  1880
17          Nellie   F     995  1880
18           Grace   F     982  1880
19          Carrie   F     949  1880
20           Maude   F     858  1880
21           Mabel   F     808  1880
22          Bessie   F     794  1880
23          Jennie   F     793  1880
24        Gertrude   F     787  1880
25           Julia   F     783  1880
26          Hattie   F     769  1880
27           Edith   F     768  1880
28          Mattie   F     704  1880
29            Rose   F     700  1880
...            ...  ..     ...   ...
1690754    Zaviyon   M       5  2010
1690755   Zaybrien   M       5  2010
1690756   Zayshawn   M       5  2010
1690757     Zayyan   M       5  2010
1690758       Zeal   M       5  2010
1690759     Zealan   M       5  2010
1690760   Zecharia   M       5  2010
1690761   Zeferino   M       5  2010
1690762   Zekariah   M       5  2010
1690763       Zeki   M       5  2010
1690764     Zeriah   M       5  2010
1690765     Zeshan   M       5  2010
1690766     Zhyier   M       5  2010
1690767   Zildjian   M       5  2010
1690768       Zinn   M       5  2010
1690769     Zishan   M       5  2010
1690770      Ziven   M       5  2010
1690771      Zmari   M       5  2010
1690772      Zoren   M       5  2010
1690773     Zuhaib   M       5  2010
1690774     Zyeire   M       5  2010
1690775    Zygmunt   M       5  2010
1690776   Zykerion   M       5  2010
1690777      Zylar   M       5  2010
1690778      Zylin   M       5  2010
1690779    Zymaire   M       5  2010
1690780     Zyonne   M       5  2010
1690781  Zyquarius   M       5  2010
1690782      Zyran   M       5  2010
1690783      Zzyzx   M       5  2010

[1690784 rows x 4 columns]
top_1000的数据:
                      name sex  births  year      prop
births                                                
5      835          Adelle   F       5  1880  0.000055
       1158581  Franchelle   F       5  1993  0.000003
       1158583  Franshesca   F       5  1993  0.000003
       1158584      Freddy   F       5  1993  0.000003
       1158585   Frederick   F       5  1993  0.000003
       1158586       Fruma   F       5  1993  0.000003
       1158587      Frumie   F       5  1993  0.000003
       1158588   Gabreilla   F       5  1993  0.000003
       1158589    Gabrella   F       5  1993  0.000003
       1158590   Gabrianna   F       5  1993  0.000003
       1158591     Gabryel   F       5  1993  0.000003
       1158592      Gailyn   F       5  1993  0.000003
       1158593         Gal   F       5  1993  0.000003
       1158594     Galilea   F       5  1993  0.000003
       1158595     Garland   F       5  1993  0.000003
       1158596    Garrison   F       5  1993  0.000003
       1158597       Gates   F       5  1993  0.000003
       1158598   Gavriella   F       5  1993  0.000003
       1158599      Gaylin   F       5  1993  0.000003
       1158600      Gaylyn   F       5  1993  0.000003
       1158601     Gelissa   F       5  1993  0.000003
       1158602      Gelsey   F       5  1993  0.000003
       1158603       Genae   F       5  1993  0.000003
       1158604     Genavie   F       5  1993  0.000003
       1158605      Genaya   F       5  1993  0.000003
       1158606     Genesee   F       5  1993  0.000003
       1158607     Genessi   F       5  1993  0.000003
       1158582      Franky   F       5  1993  0.000003
       1158580    Francess   F       5  1993  0.000003
       1158609       Genia   F       5  1993  0.000003
...                    ...  ..     ...   ...       ...
85216  691447      Michael   M   85216  1969  0.047625
85277  567796      Michael   M   85277  1959  0.039977
85298  705826      Michael   M   85298  1970  0.045889
85426  447427       Robert   M   85426  1948  0.048718
85897  499764        James   M   85897  1953  0.043630
85917  579699        David   M   85917  1960  0.040288
86081  499763       Robert   M   86081  1953  0.043723
86094  467978        James   M   86094  1950  0.048099
86144  521783        David   M   86144  1955  0.041871
86189  478387       Robert   M   86189  1951  0.045905
86232  510712       Robert   M   86232  1954  0.042334
86274  510711        James   M   86274  1954  0.042355
86566  489014       Robert   M   86566  1952  0.044541
86762  457680        James   M   86762  1949  0.049015
86898  591809      Michael   M   86898  1961  0.040958
87046  478386        James   M   87046  1951  0.046361
87060  489013        James   M   87060  1952  0.044795
87382  427009        James   M   87382  1946  0.053855
88251  437127         John   M   88251  1947  0.048293
88285  521782      Michael   M   88285  1955  0.042911
88462  510710      Michael   M   88462  1954  0.043429
88542  447426        James   M   88542  1948  0.050495
90468  556106      Michael   M   90468  1958  0.042673
90587  533062      Michael   M   90587  1956  0.042870
90952  451624        Linda   F   90952  1949  0.053201
91557  437126       Robert   M   91557  1947  0.050102
92700  544528      Michael   M   92700  1957  0.043008
94601  437125        James   M   94601  1947  0.051768
96185  441381        Linda   F   96185  1948  0.056657
99651  431022        Linda   F   99651  1947  0.056229

[299467 rows x 5 columns]
Number of popular names in top 50%的数据:
sex     F    M
year          
1880   38   14
1881   38   14
1882   38   15
1883   39   15
1884   39   16
1885   40   16
1886   41   16
1887   41   17
1888   42   17
1889   43   18
1890   44   19
1891   44   20
1892   44   20
1893   44   21
1894   45   22
1895   46   22
1896   46   23
1897   46   23
1898   47   24
1899   47   25
1900   49   25
1901   49   25
1902   49   26
1903   49   27
1904   50   28
1905   50   28
1906   49   28
1907   50   30
1908   49   30
1909   49   30
...   ...  ...
1981   78   35
1982   75   35
1983   71   34
1984   71   35
1985   72   36
1986   74   37
1987   75   39
1988   78   40
1989   83   43
1990   90   45
1991   95   48
1992  102   51
1993  107   54
1994  111   57
1995  115   60
1996  122   64
1997  129   67
1998  138   70
1999  146   73
2000  155   77
2001  164   81
2002  170   83
2003  178   87
2004  191   92
2005  199   96
2006  209   99
2007  223  103
2008  234  109
2009  241  114
2010  246  117

[131 rows x 2 columns]
baby_name的数据:
              name sex  births  year
0             Mary   F    7065  1880
1             Anna   F    2604  1880
2             Emma   F    2003  1880
3        Elizabeth   F    1939  1880
4           Minnie   F    1746  1880
5         Margaret   F    1578  1880
6              Ida   F    1472  1880
7            Alice   F    1414  1880
8           Bertha   F    1320  1880
9            Sarah   F    1288  1880
10           Annie   F    1258  1880
11           Clara   F    1226  1880
12            Ella   F    1156  1880
13        Florence   F    1063  1880
14            Cora   F    1045  1880
15          Martha   F    1040  1880
16           Laura   F    1012  1880
17          Nellie   F     995  1880
18           Grace   F     982  1880
19          Carrie   F     949  1880
20           Maude   F     858  1880
21           Mabel   F     808  1880
22          Bessie   F     794  1880
23          Jennie   F     793  1880
24        Gertrude   F     787  1880
25           Julia   F     783  1880
26          Hattie   F     769  1880
27           Edith   F     768  1880
28          Mattie   F     704  1880
29            Rose   F     700  1880
...            ...  ..     ...   ...
1690754    Zaviyon   M       5  2010
1690755   Zaybrien   M       5  2010
1690756   Zayshawn   M       5  2010
1690757     Zayyan   M       5  2010
1690758       Zeal   M       5  2010
1690759     Zealan   M       5  2010
1690760   Zecharia   M       5  2010
1690761   Zeferino   M       5  2010
1690762   Zekariah   M       5  2010
1690763       Zeki   M       5  2010
1690764     Zeriah   M       5  2010
1690765     Zeshan   M       5  2010
1690766     Zhyier   M       5  2010
1690767   Zildjian   M       5  2010
1690768       Zinn   M       5  2010
1690769     Zishan   M       5  2010
1690770      Ziven   M       5  2010
1690771      Zmari   M       5  2010
1690772      Zoren   M       5  2010
1690773     Zuhaib   M       5  2010
1690774     Zyeire   M       5  2010
1690775    Zygmunt   M       5  2010
1690776   Zykerion   M       5  2010
1690777      Zylar   M       5  2010
1690778      Zylin   M       5  2010
1690779    Zymaire   M       5  2010
1690780     Zyonne   M       5  2010
1690781  Zyquarius   M       5  2010
1690782      Zyran   M       5  2010
1690783      Zzyzx   M       5  2010

[1690784 rows x 4 columns]
top_1000的数据:
                      name sex  births  year      prop
births                                                
5      835          Adelle   F       5  1880  0.000055
       1158581  Franchelle   F       5  1993  0.000003
       1158583  Franshesca   F       5  1993  0.000003
       1158584      Freddy   F       5  1993  0.000003
       1158585   Frederick   F       5  1993  0.000003
       1158586       Fruma   F       5  1993  0.000003
       1158587      Frumie   F       5  1993  0.000003
       1158588   Gabreilla   F       5  1993  0.000003
       1158589    Gabrella   F       5  1993  0.000003
       1158590   Gabrianna   F       5  1993  0.000003
       1158591     Gabryel   F       5  1993  0.000003
       1158592      Gailyn   F       5  1993  0.000003
       1158593         Gal   F       5  1993  0.000003
       1158594     Galilea   F       5  1993  0.000003
       1158595     Garland   F       5  1993  0.000003
       1158596    Garrison   F       5  1993  0.000003
       1158597       Gates   F       5  1993  0.000003
       1158598   Gavriella   F       5  1993  0.000003
       1158599      Gaylin   F       5  1993  0.000003
       1158600      Gaylyn   F       5  1993  0.000003
       1158601     Gelissa   F       5  1993  0.000003
       1158602      Gelsey   F       5  1993  0.000003
       1158603       Genae   F       5  1993  0.000003
       1158604     Genavie   F       5  1993  0.000003
       1158605      Genaya   F       5  1993  0.000003
       1158606     Genesee   F       5  1993  0.000003
       1158607     Genessi   F       5  1993  0.000003
       1158582      Franky   F       5  1993  0.000003
       1158580    Francess   F       5  1993  0.000003
       1158609       Genia   F       5  1993  0.000003
...                    ...  ..     ...   ...       ...
85216  691447      Michael   M   85216  1969  0.047625
85277  567796      Michael   M   85277  1959  0.039977
85298  705826      Michael   M   85298  1970  0.045889
85426  447427       Robert   M   85426  1948  0.048718
85897  499764        James   M   85897  1953  0.043630
85917  579699        David   M   85917  1960  0.040288
86081  499763       Robert   M   86081  1953  0.043723
86094  467978        James   M   86094  1950  0.048099
86144  521783        David   M   86144  1955  0.041871
86189  478387       Robert   M   86189  1951  0.045905
86232  510712       Robert   M   86232  1954  0.042334
86274  510711        James   M   86274  1954  0.042355
86566  489014       Robert   M   86566  1952  0.044541
86762  457680        James   M   86762  1949  0.049015
86898  591809      Michael   M   86898  1961  0.040958
87046  478386        James   M   87046  1951  0.046361
87060  489013        James   M   87060  1952  0.044795
87382  427009        James   M   87382  1946  0.053855
88251  437127         John   M   88251  1947  0.048293
88285  521782      Michael   M   88285  1955  0.042911
88462  510710      Michael   M   88462  1954  0.043429
88542  447426        James   M   88542  1948  0.050495
90468  556106      Michael   M   90468  1958  0.042673
90587  533062      Michael   M   90587  1956  0.042870
90952  451624        Linda   F   90952  1949  0.053201
91557  437126       Robert   M   91557  1947  0.050102
92700  544528      Michael   M   92700  1957  0.043008
94601  437125        James   M   94601  1947  0.051768
96185  441381        Linda   F   96185  1948  0.056657
99651  431022        Linda   F   99651  1947  0.056229

[299467 rows x 5 columns]
begin with lesl and the sex is changing的数据:
sex          F         M
year                    
1881       NaN  1.000000
1882       NaN  1.000000
1883       NaN  1.000000
1884       NaN  1.000000
1885       NaN  1.000000
1886       NaN  1.000000
1887       NaN  1.000000
1888       NaN  1.000000
1889       NaN  1.000000
1890       NaN  1.000000
1891       NaN  1.000000
1892       NaN  1.000000
1893       NaN  1.000000
1894       NaN  1.000000
1895       NaN  1.000000
1896       NaN  1.000000
1897       NaN  1.000000
1898       NaN  1.000000
1899       NaN  1.000000
1900       NaN  1.000000
1901       NaN  1.000000
1902       NaN  1.000000
1903       NaN  1.000000
1904       NaN  1.000000
1905       NaN  1.000000
1906       NaN  1.000000
1907       NaN  1.000000
1908       NaN  1.000000
1909       NaN  1.000000
1910       NaN  1.000000
...        ...       ...
1981  0.914751  0.085249
1982  0.928102  0.071898
1983  0.925000  0.075000
1984  0.925026  0.074974
1985  0.928370  0.071630
1986  0.910487  0.089513
1987  0.929612  0.070388
1988  0.921384  0.078616
1989  0.906423  0.093577
1990  0.915437  0.084563
1991  0.911374  0.088626
1992  0.926924  0.073076
1993  0.934528  0.065472
1994  0.933866  0.066134
1995  0.939295  0.060705
1996  0.955045  0.044955
1997  0.961341  0.038659
1998  0.973003  0.026997
1999  0.975649  0.024351
2000  0.974493  0.025507
2001  0.976388  0.023612
2002  0.980937  0.019063
2003  0.980710  0.019290
2004  0.982025  0.017975
2005  0.977812  0.022188
2006  0.981668  0.018332
2007  0.979966  0.020034
2008  0.978610  0.021390
2009  0.974333  0.025667
2010  1.000000       NaN

[130 rows x 2 columns]